4294967278,48
4294967278,47
4294967278,46
4294967279,371
4294967279,272
4294967279,136
4294967278,52
4294967278,51
4294967278,50
4294967278,49
4294967279,363
4294967278,61
4294967278,60
4294967278,59
4294967278,58
4294967278,57
4294967278,56
4294967278,55
4294967278,54
4294967278,53
4294967279,83
4294967279,82
4294967279,80
4294967279,78
4294967279,75
4294967279,74
4294967279,72
4294967279,71
4294967279,70
4294967279,69
4294967279,68
4294967279,67
4294967279,66
4294967279,65
4294967279,377
4294967279,356
4294967279,571
4294967279,282
4294967279,279
4294967279,354
4294967279,277
4294967279,346
4294967278,298
4294967279,264
4294967279,263
4294967279,262
4294967279,549
4294967279,275
4294967279,345
4294967279,546
4294967279,254
4294967279,253
768,4
4294967278,258
768,3
768,2
768,1
4294967278,474
4294967278,257
4294967278,325
4294967278,256
4294967278,297
4294967278,174
767,5
4294967278,323
4294967278,354
767,4
767,3
767,2
767,1
4294967278,322
4294967294,1413
4294967294,173
4294967294,914
4294967294,163
4294967278,254
4294967294,387
4294967294,386
4294967278,321
4294967278,454
4294967278,253
766,5
4294967278,248
766,4
4294967278,246
766,3
766,2
766,1
4294967278,266
4294967278,244
4294967278,242
4294967278,240
765,4
765,3
765,2
765,1
4294967278,238
4294967278,237
4294967278,236
764,4
4294967278,234
764,3
764,2
764,1
4294967278,260
4294967278,227
4294967279,523
4294967279,565
4294967279,61
4294967279,518
4294967279,59
4294967279,57
4294967279,56
4294967279,55
4294967279,54
4294967279,53
4294967279,52
4294967279,49
4294967279,291
4294967279,47
4294967279,46
4294967279,266
4294967279,45
4294967279,530
4294967279,44
4294967279,555
4294967279,42
4294967279,361
4294967279,41
4294967279,39
4294967279,532
4294967279,259
4294967279,37
4294967279,360
4294967279,36
4294967279,553
4294967279,35
4294967279,551
4294967279,33
4294967279,30
4294967279,29
4294967279,27
4294967279,26
4294967279,25
4294967279,24
4294967279,23
4294967279,21
4294967279,19
4294967279,18
4294967279,17
4294967279,16
4294967279,15
4294967279,13
4294967279,12
4294967279,11
4294967279,10
4294967278,232
4294967278,230
4294967278,228
763,4
763,3
763,2
763,1
4294967278,226
4294967278,224
4294967278,222
762,4
4294967278,220
762,3
762,2
762,1
4294967278,259
4294967278,218
4294967294,966
4294967278,216
4294967278,214
761,4
761,3
761,2
761,1
4294967278,213
4294967294,1418
4294967294,1417
4294967278,212
4294967278,211
760,4
4294967278,210
760,3
760,2
760,1
4294967278,484
4294967294,392
4294967294,115
4294967278,209
4294967278,208
4294967278,207
759,4
759,3
759,2
759,1
4294967279,273
4294967279,260
4294967279,0
4294967278,206
4294967278,205
4294967278,204
4294967278,299
4294967278,203
758,6
4294967278,200
4294967278,362
4294967278,486
758,5
4294967278,199
4294967278,198
758,4
4294967279,198
758,3
758,2
758,1
4294967279,536
4294967278,197
4294967294,185
4294967294,902
4294967278,196
4294967294,436
4294967294,388
4294967294,114
4294967294,120
4294967279,194
4294967278,195
4294967278,263
4294967279,561
4294967278,194
757,5
4294967294,41
4294967278,192
4294967294,42
757,4
4294967278,191
757,3
757,2
757,1
4294967278,382
4294967294,44
4294967278,190
4294967294,45
4294967279,304
4294967294,5
4294967294,53
4294967294,52
4294967294,51
4294967294,91
4294967294,88
4294967294,87
4294967294,85
4294967294,84
4294967294,83
4294967294,408
4294967294,397
4294967294,1416
4294967294,400
4294967294,178
4294967294,948
4294967294,177
4294967294,402
4294967294,183
4294967294,443
4294967294,191
4294967294,112
4294967294,457
4294967294,110
4294967294,108
4294967294,175
4294967278,449
4294967278,464
4294967279,322
4294967278,185
4294967278,184
4294967278,181
4294967278,183
756,5
4294967279,183
756,4
4294967278,182
756,3
756,2
756,1
4294967278,452
4294967279,182
4294967278,0
4294967279,180
4294967278,177
4294967294,946
4294967294,426
4294967279,179
4294967278,272
4294967278,225
755,5
4294967294,969
4294967278,176
4294967278,175
755,4
4294967279,175
755,3
755,2
755,1
4294967279,170
4294967294,393
4294967279,350
4294967279,167
4294967294,468
4294967294,89
753,4
753,3
753,2
753,1
4294967279,378
0,7
4294967279,269
4294967279,524
4294967279,373
4294967279,554
4294967294,389
4294967294,2
4294967279,556
4294967279,547
4294967294,46
4294967294,469
4294967279,333
4294967294,418
4294967294,950
4294967294,921
4294967294,471
4294967294,9
4294967294,8
4294967294,6
4294967294,22
4294967294,30
4294967294,61
4294967294,50
4294967294,12
4294967294,472
4294967294,11
